#Annotation weights per feature
tfbinding=1.4158606485670644
score=-0.088892214161300873
dnase__seq=0.52326372227032913
numothertfbinding=0.14960399876351593
tfexpr=-0.02996890453569586
fantom=0.19239542188716374
LRD=0.095783933288570405
ERD=0.79670563386746196
DTZ=0.40058726274880402
UTZ=0.54075160333013095
7_Enh,12_EnhBiv,6_EnhG=0.9334019670341196
1_TssA,10_TssBiv,2_TssAFlnk,11_BivFlnk,4_Tx,3_TxFlnk,5_TxWk=0.91534619791870797
14_ReprPCWk,13_ReprPC,9_Het=-0.74337114319743514
15_Quies,8_ZNF/Rpts=-0.30162916453536626
NaN=0.0
NO=0.0
contactingdomain=0.0
loopdomain=0.0